{
 "cells": [
  {
   "cell_type": "code",
   "execution_count": null,
   "metadata": {
    "id": "DVhP2N_AtgSl"
   },
   "outputs": [],
   "source": [
    "import numpy as np\n",
    "import scipy as sp\n",
    "import matplotlib.pyplot as plt"
   ]
  },
  {
   "cell_type": "markdown",
   "metadata": {
    "id": "z8CHHrDfuhnr"
   },
   "source": [
    "# Ejercicio 1. DescompLU\n"
   ]
  },
  {
   "cell_type": "markdown",
   "metadata": {
    "id": "xcMpqH4LxIo5"
   },
   "source": [
    "## a) Función descompLU\n",
    "\n",
    "\n",
    "\n",
    "Función descompLU: Es la que utiliza el usuario. Hace un primer control para que se verifique que el input sea una matriz cuadrada, y luego usará funciones auxiliares para conseguir la descomposición $LU$.\n",
    "\n",
    "----------------------------\n",
    "\n",
    "- **Input**: Matriz A $\\in R^{nxn}$.\n",
    "\n",
    "- **Output**: Matrices $L, U \\in R^{nxn}$, correspondientes a la descomposición $A = LU$, o bien matrices $Id$ y $A$, en caso de que se haya encontrado un cero en la diagonal en el proceso de descomposición $LU$."
   ]
  },
  {
   "cell_type": "code",
   "execution_count": null,
   "metadata": {
    "id": "ftddBchR1o1O"
   },
   "outputs": [],
   "source": [
    "def descompLU(A):\n",
    "  n= A.shape[0]\n",
    "\n",
    "  #Chequeamos que sea una matriz cuadrada, ya que el enunciado indica R^n*n\n",
    "  if A.shape != (n,n):\n",
    "    print(\"La matriz no es cuadrada\")\n",
    "\n",
    "  #Usamos una función auxiliar que calcula la descomposición LU\n",
    "  else:\n",
    "    L, U = armadoLU(A)\n",
    "\n",
    "  #Chequeamos si la recursión continuó su curso, o se detuvo, de acuerdo a si hubo o no ceros en la diagonal. Si se detuvo, armadoLU devuelve\n",
    "  #una matriz L que tendrá ceros en la diagonal. En este caso se devuelve la Identidad y A\n",
    "  #Seleccionamos la matriz L para el control de ceros en la diagonal y no U debido a que U podría tener un cero en la posición Unn sin afectar la descompLU\n",
    "    if np.any(np.diag(L) == 0):\n",
    "      id = np.identity(n,dtype=float)\n",
    "      print(\"ERROR: La matriz U que se obtiene, posee 1 o más ceros en su diagonal! Se devuelve Matriz Identidad y la Matriz Ingresada.\")\n",
    "\n",
    "  #Devolvemos Identidad y A en caso de que hayamos encontrado ceros en la función auxiliar control_de_ceros\n",
    "      return id, A\n",
    "\n",
    "  #Devolvemos las matrices L y U en caso de que no hayamos encontrado ceros\n",
    "    else:\n",
    "      return L, U\n"
   ]
  },
  {
   "cell_type": "markdown",
   "metadata": {
    "id": "TTQggMjXuSVi"
   },
   "source": [
    "## b) Función armadoLU\n",
    "\n",
    "Función Auxiliar armadoLU: arma la descomposición $LU$ por medio de recursión sobre $L_{22}U_{22}$.\n",
    "\n",
    "Notar que al hacer la recursión las matrices se van reduciendo hasta que llegamos a una matriz de 1x1, donde entrará en el caso base.\n",
    "\n",
    "-----------------------------------------------\n",
    "\n",
    "- **Input**: Matriz A $\\in R^{nxn}$.\n",
    "\n",
    "- **Output**: Matrices $L,U \\in R^{nxn}$ correspondientes a la descomposición $A = LU$"
   ]
  },
  {
   "cell_type": "code",
   "execution_count": null,
   "metadata": {
    "id": "ioMQEkllcEzQ"
   },
   "outputs": [],
   "source": [
    "def armadoLU(A):\n",
    "  n= A.shape[0]\n",
    "  L = np.zeros((n, n))\n",
    "  U = np.zeros((n, n))\n",
    "\n",
    "  #Caso base de la recursión\n",
    "  if n == 1:\n",
    "    L = np.array([[1]])\n",
    "    U = np.array(A)\n",
    "  else:\n",
    "\n",
    "  #Datos de matriz A\n",
    "    A12 = A[0,1:]\n",
    "    A21 = A[1:,0]\n",
    "    A22 = A[1:,1:]\n",
    "    a11 = A[0,0]\n",
    "\n",
    "  # Verifica si a11 es igual a 0, de ser así corta recursión, para no dividir por cero, y devuelve matrices L y U armadas hasta el momento\n",
    "    if a11 == 0:\n",
    "        return L, U\n",
    "\n",
    "  #Datos para armado según esquema del enunciado\n",
    "    u11 = a11\n",
    "    U12 = np.array([A12])\n",
    "    L21 = np.array([A21/u11])\n",
    "    L22U22 = A22 - L21.T@U12\n",
    "\n",
    "  #Usamos un pensamiento recursivo sobre L22U22 para calcular los bloques que nos faltan\n",
    "    L22 ,U22 = armadoLU(L22U22)\n",
    "\n",
    "  #Armamos matriz L\n",
    "    L[1:, 1:] = L22\n",
    "    L[0,0] = 1\n",
    "    L[1:,0] = L21\n",
    "\n",
    "  #Armamos matriz U\n",
    "    U[1:, 1:] = U22\n",
    "    U[0,:] = A[0,:]\n",
    "\n",
    "\n",
    "\n",
    "  return L, U\n",
    "\n",
    "\n",
    "\n"
   ]
  },
  {
   "cell_type": "markdown",
   "metadata": {
    "id": "crpHIIxZ8gg2"
   },
   "source": [
    "## ** Ejemplo de prueba"
   ]
  },
  {
   "cell_type": "markdown",
   "metadata": {
    "id": "QmHIml6fPlJI"
   },
   "source": [
    "Vamos a testear descompLU para diferentes matrices.\n",
    "\n",
    "- A se puede descomponer en $LU$\n",
    "\n",
    "- B no se puede descomponer en $LU$, debido a que al triangular en la posición $b_{22}$ obtenemos un 0.\n",
    "\n",
    "- C es una matriz más grande que se puede descomponer en $LU$."
   ]
  },
  {
   "cell_type": "code",
   "execution_count": null,
   "metadata": {
    "colab": {
     "base_uri": "https://localhost:8080/"
    },
    "id": "uT_iOVXpw2u6",
    "outputId": "8e120fa0-2130-4219-e357-a91ab7d1a8c0"
   },
   "outputs": [
    {
     "name": "stdout",
     "output_type": "stream",
     "text": [
      "L de A\n",
      " [[ 1.   0.   0. ]\n",
      " [-1.5  1.   0. ]\n",
      " [-1.  -4.   1. ]] \n",
      "\n",
      "U de A\n",
      " [[ 2.   1.  -1. ]\n",
      " [ 0.  -0.5  0.5]\n",
      " [ 0.   0.   3. ]] \n",
      "\n",
      "ERROR: La matriz U que se obtiene, posee 1 o más ceros en su diagonal! Se devuelve Matriz Identidad y la Matriz Ingresada.\n",
      "L de B\n",
      " [[1. 0. 0.]\n",
      " [0. 1. 0.]\n",
      " [0. 0. 1.]] \n",
      "\n",
      "ERROR: La matriz U que se obtiene, posee 1 o más ceros en su diagonal! Se devuelve Matriz Identidad y la Matriz Ingresada.\n",
      "U de B\n",
      " [[ 2.   1.  -1. ]\n",
      " [-3.  -1.5  2. ]\n",
      " [-2.   1.   2. ]] \n",
      "\n",
      "L de C\n",
      " [[1. 0. 0. 0.]\n",
      " [3. 1. 0. 0.]\n",
      " [1. 4. 1. 0.]\n",
      " [2. 1. 7. 1.]] \n",
      "\n",
      "U de C\n",
      " [[2. 3. 1. 5.]\n",
      " [0. 4. 2. 4.]\n",
      " [0. 0. 1. 2.]\n",
      " [0. 0. 0. 3.]] \n",
      "\n"
     ]
    }
   ],
   "source": [
    "#Prueba\n",
    "A = np.array([[2, 1, -1],\n",
    "              [-3, -2, 2],\n",
    "              [-2, 1, 2]])\n",
    "\n",
    "\n",
    "B = np.array([[2, 1, -1],\n",
    "              [-3, -3/2, 2],\n",
    "              [-2, 1, 2]])\n",
    "\n",
    "\n",
    "C = np.array([\n",
    "    [2, 3, 1, 5],\n",
    "    [6, 13, 5, 19],\n",
    "    [2, 19, 10, 23],\n",
    "    [4, 10, 11, 31]\n",
    "])\n",
    "\n",
    "print(\"L de A\\n\", descompLU(A)[0], \"\\n\")\n",
    "print(\"U de A\\n\", descompLU(A)[1], \"\\n\")\n",
    "\n",
    "print(\"L de B\\n\", descompLU(B)[0], \"\\n\")\n",
    "print(\"U de B\\n\", descompLU(B)[1], \"\\n\")\n",
    "\n",
    "print(\"L de C\\n\", descompLU(C)[0], \"\\n\")\n",
    "print(\"U de C\\n\", descompLU(C)[1], \"\\n\")\n",
    "\n"
   ]
  },
  {
   "cell_type": "markdown",
   "metadata": {
    "id": "ZGBzXdreQHj5"
   },
   "source": [
    "# Ejercicio 3. ResolverLU"
   ]
  },
  {
   "cell_type": "markdown",
   "metadata": {
    "id": "6iCw3qBkS4ld"
   },
   "source": [
    "Queremos calcular el $x$ de $Ax = b$\n",
    "\n",
    "Recordemos que tenemos una función que dado un A, obtenemos su $LU$.\n",
    "\n",
    "Entonces esto es lo mismo que decir:\n",
    "\n",
    " $L \\cdot Ux = b$\n",
    "\n",
    "Por lo que podemos separar los cálculos en 2 etapas:\n",
    "\n",
    " $Ly = b    $\n",
    "\n",
    "Y luego\n",
    "\n",
    " $Ux = y$\n",
    "\n",
    " -------------------------------------------\n",
    "\n",
    "\n",
    "\n",
    "- **Input**: Matriz A $\\in R^{nxn}$, vector $ b \\in R^n$.\n",
    "\n",
    "- Output: vector $x \\in R^n$.\n"
   ]
  },
  {
   "cell_type": "code",
   "execution_count": null,
   "metadata": {
    "id": "cW-RNFf2QL5w"
   },
   "outputs": [],
   "source": [
    "def resolverLU(A, b):         #Recibe una Matriz A (nxn) y un vector b (n), y devuelve el x de Ax = b\n",
    "\n",
    "  #Creo la identidad tamaño n\n",
    "  id = np.identity(A.shape[0])\n",
    "\n",
    "  #Si b no tiene la misma cantidad de columnas que A\n",
    "  if (A.shape[0] != b.shape[0]):\n",
    "    print(\"b no tiene tamaño n\")\n",
    "\n",
    "  else:\n",
    "    L, U = descompLU(A)\n",
    "\n",
    "\n",
    "    #Caso en el que A no tiene descomposicion LU, es decir que descompLU nos devuelve \"Id\" y \"A\"\n",
    "    if (np.array_equal(L, id)):\n",
    "        print(\"No tiene composicion LU \")\n",
    "\n",
    "    else:\n",
    "      #Sabemos que Ly = b, por lo tanto, y = (L^-1)b\n",
    "      y = sp.linalg.solve_triangular(L, b, lower = True)\n",
    "\n",
    "      #Sabemos tambien que Ux = y, por lo tanto, x = (U^-1)y\n",
    "      x = sp.linalg.solve_triangular(U, y)\n",
    "\n",
    "      return x\n",
    "\n",
    "\n",
    "\n",
    "\n",
    "#  sp.linalg.solve_triangular(L, b) resuelve el sistema Ly = b para \"y\"\n"
   ]
  },
  {
   "cell_type": "markdown",
   "metadata": {
    "id": "ULIWPsj0Q7aA"
   },
   "source": [
    "## ** Ejemplo\n",
    "\n",
    "Obtenemos $x$ de la ecuación $Ax = b$ por medio de la descomposición $LU$."
   ]
  },
  {
   "cell_type": "code",
   "execution_count": null,
   "metadata": {
    "colab": {
     "base_uri": "https://localhost:8080/"
    },
    "id": "xsd3KRfWWb2L",
    "outputId": "483b106c-c0c4-4d2b-f69e-9ec0d65d7fb7"
   },
   "outputs": [
    {
     "name": "stdout",
     "output_type": "stream",
     "text": [
      "ResolverLU(A, b): \n",
      " [[ 70.]\n",
      " [-30.]\n",
      " [100.]]\n"
     ]
    }
   ],
   "source": [
    "A = np.array([[2, 1, -1],\n",
    "              [-3, -1, 2],\n",
    "              [-2, 1, 2]])\n",
    "\n",
    "\n",
    "b = np.array([[10], [20], [30]])\n",
    "\n",
    "\n",
    "print(\"ResolverLU(A, b): \\n\",resolverLU(A, b))"
   ]
  },
  {
   "cell_type": "markdown",
   "metadata": {
    "id": "KY_OvhuujPqq"
   },
   "source": [
    "# Ejercicio 4. Error relativo resolverLU"
   ]
  },
  {
   "cell_type": "markdown",
   "metadata": {
    "id": "WSTIf-G0kS3K"
   },
   "source": [
    "## a) Crear Inputs\n",
    "\n",
    "\n",
    "Veamos qué pasa al calcular resolverLU para una matriz $A \\in R^{10x10}$ y un vector $b \\in R^{10}$, los dos con números aleatorios entre [-1, 1).\n",
    "\n"
   ]
  },
  {
   "cell_type": "code",
   "execution_count": null,
   "metadata": {
    "colab": {
     "base_uri": "https://localhost:8080/"
    },
    "id": "LsBe87e8j5mK",
    "outputId": "ca6653e9-e0ab-4579-f6c7-7ed15b796abc"
   },
   "outputs": [
    {
     "name": "stdout",
     "output_type": "stream",
     "text": [
      "Matriz A:\n",
      " [[-0.36848123  0.31626621 -0.58553379  0.15526094 -0.76214237  0.15892893\n",
      "   0.86129362 -0.26818593 -0.03120039  0.06230066]\n",
      " [-0.02047994 -0.57212863 -0.08695614  0.60566638 -0.91976235  0.57358552\n",
      "   0.14781117  0.36536788 -0.01638392 -0.66139772]\n",
      " [ 0.790849   -0.66290608 -0.08985726 -0.31614921 -0.98804027 -0.70230136\n",
      "   0.92431134  0.52558456 -0.88167534  0.3184132 ]\n",
      " [ 0.47673631 -0.72333306 -0.83210951 -0.15626308  0.47544631  0.5475087\n",
      "  -0.94516736  0.25068724  0.61287554 -0.46389331]\n",
      " [ 0.37080722  0.35842847 -0.29444004  0.50708521 -0.46967967 -0.47431085\n",
      "   0.15489631  0.95965524  0.25106206  0.1976241 ]\n",
      " [-0.66047383  0.83685528 -0.95944555 -0.66359653  0.46875428  0.81962807\n",
      "   0.24031009  0.52622626  0.42758303 -0.8986951 ]\n",
      " [ 0.89054807 -0.35527779  0.39174986  0.60400795 -0.81669921  0.08400157\n",
      "  -0.86702825  0.96591343  0.61022202  0.64041746]\n",
      " [-0.48773393  0.98204668  0.68004909  0.3629442  -0.4753249  -0.42233932\n",
      "   0.79009447  0.64408698 -0.80268157  0.6883697 ]\n",
      " [ 0.55727496  0.06308697 -0.49862256  0.4251051  -0.14820214  0.27160661\n",
      "  -0.59496147  0.45974525 -0.81389699  0.2083066 ]\n",
      " [-0.25953843  0.1078302   0.53985276  0.28662158  0.57743902  0.8341361\n",
      "  -0.86890621 -0.22325421  0.88191011  0.57617027]] \n",
      "\n",
      "Vector b:\n",
      " [ 0.0711374   0.8117418   0.98551334 -0.63145611  0.53190997  0.90460566\n",
      "  0.64747273 -0.21782806  0.34864134  0.64365147] \n",
      "\n",
      "resolucion LU:\n",
      " [ 6.910854    2.46300596  2.23517642  1.35170169  2.00159622  3.88609612\n",
      "  4.3650593  -0.75784613  0.7597414  -1.50323169]\n"
     ]
    }
   ],
   "source": [
    "#Me guardo valores randoms para utilizar mas eficientemente como ejemplos\n",
    "np.random.seed(534544)\n",
    "\n",
    "#Tomo Matriz A (10 x 10) aleatoria y vector b (10 x 1) aleatorio con valores [-1, 1)\n",
    "A = np.random.uniform(-1, 1, (10, 10))\n",
    "b = np.random.uniform(-1, 1, 10)\n",
    "\n",
    "\n",
    "print(\"Matriz A:\\n\",A, \"\\n\")\n",
    "print(\"Vector b:\\n\",b, \"\\n\")\n",
    "\n",
    "#Resuelvo\n",
    "print(\"resolucion LU:\\n\", resolverLU(A, b))"
   ]
  },
  {
   "cell_type": "markdown",
   "metadata": {
    "id": "Hu-jY7mtlZGZ"
   },
   "source": [
    "## b) Función error_norma2\n",
    "\n",
    "Calculemos el error relativo:\n",
    "\n",
    "$e = \\frac{||{A} \\bar{x} - b||_2 } {||b||_2}$\n",
    "\n",
    "Recordemos que:\n",
    "\n",
    "$||v||_2 = \\sqrt{ v_1^2 + v_2^2 + ... + v_n^2}$\n",
    "\n",
    "---------------------------------------\n",
    "\n",
    "- **Input**: Matriz $A \\in R^{nxn}$, Vector $b \\in R^n$, vector $x \\in R^n$.\n",
    "\n",
    "- **Output**: error relativo (float)"
   ]
  },
  {
   "cell_type": "code",
   "execution_count": null,
   "metadata": {
    "id": "pl_BVwSGenre"
   },
   "outputs": [],
   "source": [
    "def error_norma2(A, b, x):\n",
    "\n",
    "  #Guardo en numerador Ax-b\n",
    "  superior = A@x - b\n",
    "\n",
    "  #Aplico norma 2\n",
    "  numerador = np.linalg.norm(superior)\n",
    "\n",
    "  #Guardo en denominador la norma 2 de b\n",
    "  denominador = np.linalg.norm(b)\n",
    "\n",
    "  return numerador / denominador"
   ]
  },
  {
   "cell_type": "markdown",
   "metadata": {
    "id": "RsI259O8R4M4"
   },
   "source": [
    "Calculamos el error_norma2 de la matriz aleatoria A, su resolvente b y el x obtenido a partir de ResolverLU"
   ]
  },
  {
   "cell_type": "code",
   "execution_count": null,
   "metadata": {
    "colab": {
     "base_uri": "https://localhost:8080/"
    },
    "id": "xNDattrmpudV",
    "outputId": "82fdaaec-387c-4a5a-c112-9c54800da176"
   },
   "outputs": [
    {
     "data": {
      "text/plain": [
       "2.6621199642659783e-15"
      ]
     },
     "execution_count": 28,
     "metadata": {},
     "output_type": "execute_result"
    }
   ],
   "source": [
    "error_norma2(A,b, resolverLU(A,b))"
   ]
  },
  {
   "cell_type": "markdown",
   "metadata": {
    "id": "zNFnfTALCZFi"
   },
   "source": [
    "# Ejercicio 5. Inversa\n"
   ]
  },
  {
   "cell_type": "markdown",
   "metadata": {
    "id": "KoDjJwn0Vqw8"
   },
   "source": [
    "Vamos a calcular la inversa de una matriz $A \\in R^{nxn}$ ayudándonos de:\n",
    "\n",
    "1) La descomposición $LU$\n",
    "\n",
    "2) La resolución triangular $Ly = b$ ; $Ux = y$\n",
    "\n",
    "3) Los vectores canónicos ($e$)\n",
    "\n",
    "----------------------------------------------------\n",
    "- **Input**: Matriz $A \\in R^{nxn}$ inversible.\n",
    "\n",
    "- **Output**: Matriz $A^{-1} \\in R^{nxn}$."
   ]
  },
  {
   "cell_type": "code",
   "execution_count": null,
   "metadata": {
    "id": "4jdSiJaVCefs"
   },
   "outputs": [],
   "source": [
    "def inversa(A):\n",
    "\n",
    "\n",
    "  n = A.shape[0]\n",
    "  m = A.shape[1]\n",
    "\n",
    "  #Me fijo si la matriz A es cuadrada\n",
    "  if (n != m):\n",
    "    print(\"La matriz no es cuadrada!\")\n",
    "\n",
    "  else:\n",
    "    #Genero una matriz igual tamaño que A pero de 0s, para luego guardar las columnas de la inversa\n",
    "    matriz = np.zeros((n, n))\n",
    "    L, U = descompLU(A)\n",
    "\n",
    "\n",
    "    for i in range (n):\n",
    "      #creo un e canonico cuyo 1 va a cambiar mediante la posicion de e[i]\n",
    "      e = np.zeros(n)\n",
    "      e[i] = 1\n",
    "\n",
    "      #x me devuelve la columna i de la inversa\n",
    "      y = sp.linalg.solve_triangular(L, e, lower = True)\n",
    "      x = sp.linalg.solve_triangular(U, y)\n",
    "\n",
    "      #Meto en la matriz la columna i de la inversa ( x )\n",
    "      matriz[:,i] = x\n",
    "\n",
    "    return matriz\n",
    "\n"
   ]
  },
  {
   "cell_type": "markdown",
   "metadata": {
    "id": "P0m2505GSaFZ"
   },
   "source": [
    "## Ejemplo\n",
    "\n",
    "Tomamos una matriz $A \\in R^{3x3}$, calculamos su inversa (inversa($A$)) y comparamos nuestra inversa con la de numpy.\n",
    "\n"
   ]
  },
  {
   "cell_type": "code",
   "execution_count": null,
   "metadata": {
    "colab": {
     "base_uri": "https://localhost:8080/"
    },
    "id": "gDyiwSKiE7Ic",
    "outputId": "14472345-27a1-4f53-b136-1a836ac0a0b7"
   },
   "outputs": [
    {
     "name": "stdout",
     "output_type": "stream",
     "text": [
      "La inversa de A obtenida:\n",
      " [[ 4.  3. -1.]\n",
      " [-2. -2.  1.]\n",
      " [ 5.  4. -1.]] \n",
      "\n",
      "Comparo con la inversa por numpy: \n",
      " [[ 4.  3. -1.]\n",
      " [-2. -2.  1.]\n",
      " [ 5.  4. -1.]]\n"
     ]
    }
   ],
   "source": [
    "#Prueba\n",
    "A = np.array([[2, 1, -1],\n",
    "              [-3, -1, 2],\n",
    "              [-2, 1, 2]])\n",
    "\n",
    "print(\"La inversa de A obtenida:\\n\", inversa(A), \"\\n\")\n",
    "\n",
    "print(\"Comparo con la inversa por numpy: \\n\", np.linalg.inv(A))"
   ]
  },
  {
   "cell_type": "markdown",
   "metadata": {
    "id": "fpcZOJM2HoUb"
   },
   "source": [
    "#Ejercicio 6. Probar Inversa y Frobenius"
   ]
  },
  {
   "cell_type": "markdown",
   "metadata": {
    "id": "aKL80ysbYXQ-"
   },
   "source": [
    "## a) Crear Matriz aleatoria A\n",
    "\n",
    "Donde $A \\in R^{10x10}$\n"
   ]
  },
  {
   "cell_type": "code",
   "execution_count": null,
   "metadata": {
    "colab": {
     "base_uri": "https://localhost:8080/"
    },
    "id": "zR-juspzHrPu",
    "outputId": "b9dc3c9b-dd85-4b86-aebb-6cab582d08fb"
   },
   "outputs": [
    {
     "name": "stdout",
     "output_type": "stream",
     "text": [
      "Matriz A:\n",
      " [[ 0.67529329  0.97950116 -0.59142067  0.66913621  0.58533758 -0.75084625\n",
      "  -0.34013714  0.86732329  0.75784799 -0.55190318]\n",
      " [-0.54030417  0.64215879  0.48431789 -0.95423305  0.20124512  0.15178431\n",
      "  -0.11992516  0.11742875 -0.99362858  0.53334132]\n",
      " [-0.4059153   0.08401712  0.9576847   0.70736039  0.61336953 -0.3097397\n",
      "  -0.89722559 -0.73790041  0.83400644  0.29462184]\n",
      " [ 0.40674659  0.3579493   0.75945619  0.12476061 -0.1823699  -0.86959683\n",
      "  -0.71341191 -0.53668965  0.13689481 -0.31021388]\n",
      " [-0.97291316  0.59370434  0.35261475 -0.72918339  0.69389823  0.28065063\n",
      "   0.04233513 -0.11163337  0.37929884  0.23741007]\n",
      " [-0.03898439  0.16450414 -0.5858111  -0.75799032  0.98398985  0.51585844\n",
      "  -0.79249911 -0.57837258  0.82333751 -0.52502208]\n",
      " [-0.99406089 -0.54794295  0.99892108 -0.29976834  0.69393192  0.99303369\n",
      "  -0.40892039  0.84652089  0.73339438  0.18810858]\n",
      " [-0.53871478 -0.47243479 -0.48018254  0.99528038  0.09386613 -0.07519042\n",
      "   0.80537246  0.33538857 -0.34650795  0.26102328]\n",
      " [-0.7260569  -0.56821988  0.5437358  -0.59679815  0.16859167 -0.43378882\n",
      "  -0.49461807 -0.47619703 -0.1128887  -0.91151583]\n",
      " [-0.47241267  0.68690052  0.12888693 -0.03724661 -0.32364294 -0.81659911\n",
      "  -0.04735403 -0.72157619  0.72965752 -0.38998143]] \n",
      "\n",
      "inversa de A:\n",
      " [[ 9.85201629e-02 -8.38952070e-01  9.29082997e-02  7.37096712e-02\n",
      "   9.87588788e-01 -4.94702121e-01 -6.04371773e-01 -7.56618091e-01\n",
      "   1.06689797e-01 -1.05531479e+00]\n",
      " [-2.08080099e+00  1.08647249e+00 -5.34185140e+00  1.07072835e+01\n",
      "  -4.10441176e-01  4.74137685e+00  3.53745044e+00  6.73452386e+00\n",
      "  -4.32773673e+00  1.57394609e+00]\n",
      " [-1.42122441e+00 -2.45624603e-01 -3.20890647e+00  6.98819991e+00\n",
      "   9.10873847e-01  2.16986836e+00  1.99151257e+00  3.70406998e+00\n",
      "  -2.23442829e+00 -1.19655096e-02]\n",
      " [-2.05919101e+00  8.35127560e-01 -4.71787992e+00  1.00697881e+01\n",
      "  -8.65020946e-01  4.50596242e+00  3.43582092e+00  6.79887999e+00\n",
      "  -3.94167257e+00  1.31000965e+00]\n",
      " [ 3.79684477e-01 -7.28992555e-01  5.39521400e-01 -4.21223827e-01\n",
      "   1.59183085e+00 -5.15453693e-01 -8.70962655e-01 -4.25329522e-01\n",
      "   6.67607311e-01 -1.39385227e+00]\n",
      " [-3.45346871e+00  1.09889289e+00 -7.65490960e+00  1.51895110e+01\n",
      "  -8.58824187e-01  6.99170395e+00  5.32255070e+00  9.63048819e+00\n",
      "  -6.08405708e+00  1.82261397e+00]\n",
      " [-7.76168532e-01 -1.13187520e+00 -1.95995230e+00  3.62797120e+00\n",
      "   2.03732293e+00  6.52207439e-01  3.99682398e-01  1.85176536e+00\n",
      "  -1.01471667e+00 -6.49959576e-01]\n",
      " [ 1.28024210e+00  3.73145294e-02  1.95036196e+00 -4.49956354e+00\n",
      "  -3.20978762e-01 -2.03040330e+00 -9.59564278e-01 -2.74819299e+00\n",
      "   1.63494603e+00 -2.93713605e-01]\n",
      " [ 1.30379720e+00 -9.55865175e-01  3.07746974e+00 -6.33073573e+00\n",
      "   5.29384000e-01 -2.82518188e+00 -1.90115354e+00 -4.24542229e+00\n",
      "   2.16017380e+00 -4.73474653e-01]\n",
      " [ 3.02368341e+00 -6.47045357e-01  7.83699693e+00 -1.52983330e+01\n",
      "   2.78658335e-01 -6.58342075e+00 -4.95954741e+00 -9.54250700e+00\n",
      "   5.21144859e+00 -1.56582083e+00]] \n",
      "\n"
     ]
    }
   ],
   "source": [
    "#Tomo Matriz A (10 x 10) aleatoria con valores [-1, 1)\n",
    "A = np.random.uniform(-1, 1, (10, 10))\n",
    "\n",
    "\n",
    "print(\"Matriz A:\\n\",A, \"\\n\")\n",
    "\n",
    "#Resuelvo\n",
    "print(\"inversa de A:\\n\", inversa(A), \"\\n\")"
   ]
  },
  {
   "cell_type": "markdown",
   "metadata": {
    "id": "8yifVlu1YsXX"
   },
   "source": [
    "## b) Calcular el error Frobenius\n",
    "\n",
    "  \n",
    "El error Frobenius está dado por la ecuación:\n",
    "\n",
    "- $|| {A}^{-1} @ {A} - Id||_F$"
   ]
  },
  {
   "cell_type": "markdown",
   "metadata": {
    "id": "hwu5tW33osTh"
   },
   "source": [
    "Para calcular la norma Frobenius pensamos en ir calculando la norma 2 de cada fila, e ir guardando los resultados en un nuevo vector, al cual luego le calculamos la norma 2, es decir, calculamos la norma 2 de la norma 2 de varios vectores (las filas). Esto es válido pues:\n",
    "\n",
    "\n",
    "Sea\n",
    "\n",
    "A = $\\begin{pmatrix}\n",
    "F_0\\\\\n",
    "F_1\\\\\n",
    "\\vdots \\\\\n",
    "F_n\n",
    "\\end{pmatrix}$\n",
    "\n",
    "Entonces, la norma 2 para cada fila viene dada por:\n",
    "\n",
    "\n",
    "$||F_i||_2 = \\sqrt{ \\sum_{j=1}^{n}|a_{ij}|^2}$\n",
    "\n",
    "Con esto armamos un nuevo vector que tendrá el resultado de la norma 2 para la fila $F_i$ en el lugar i. Entonces, al calcular la norma dos de v tendremos:\n",
    "\n",
    "$||v||_2 = \\sqrt{ \\sum_{i=1}^{n}||F_i||_2^2} = \\sqrt{ \\sum_{i=1}^{n}|\\sqrt{ \\sum_{j=1}^{n}|a_{ij}|^2}|^2} = \\sqrt{ \\sum_{i=1}^{n}{ \\sum_{j=1}^{n}|a_{ij}|^2}} = ||A||_F $\n",
    "\n",
    "\n"
   ]
  },
  {
   "cell_type": "markdown",
   "metadata": {
    "id": "Ic6esLn55XLa"
   },
   "source": [
    "-------------------------\n",
    "\n",
    "- **Input**: Matriz $A \\in R^{nxn}$\n",
    "\n",
    "- **Output**: res (Float)"
   ]
  },
  {
   "cell_type": "code",
   "execution_count": null,
   "metadata": {
    "id": "ucqiE3OkJinS"
   },
   "outputs": [],
   "source": [
    "def fro(A):\n",
    "\n",
    "  #Vamos a llamar n el tamaño de las filas de A\n",
    "  n = A.shape[0]\n",
    "\n",
    "  #Obtenemos la inversa de A\n",
    "  Ainv = inversa(A)\n",
    "\n",
    "  #Generamos una identidad con el mismo tamaño de A\n",
    "  id = np.identity(n)\n",
    "\n",
    "  #Calculamos la fórmula escrita en el enunciado (A^−1 @ A − Id)\n",
    "  formula = Ainv@A - id\n",
    "\n",
    "  #Generamos un vector tamaño n, lleno de 0s.\n",
    "  #Ésto nos servirá para ir calculando y guardando las normas-2 de cada fila de \"fórmula\"\n",
    "  v = np.zeros(n)\n",
    "\n",
    "  #Vamos a calcular la norma-2 para todas las filas de \"fórmula\" y las guardaremos en v\n",
    "  for i in range (n):\n",
    "    r = np.linalg.norm(formula[i])\n",
    "    v[i] = r\n",
    "\n",
    "  #Finalmente, calcularemos la norma-2 de todos los valores de v\n",
    "  res = np.linalg.norm(v)\n",
    "\n",
    "  return res"
   ]
  },
  {
   "cell_type": "markdown",
   "metadata": {
    "id": "xW7fmURoUHfe"
   },
   "source": [
    "## Prueba\n",
    "\n",
    "Probemos el error de norma Frobenius para la matriz $A \\in R^{10x10}$ aleatoria que habíamos definido anteriormente."
   ]
  },
  {
   "cell_type": "code",
   "execution_count": null,
   "metadata": {
    "colab": {
     "base_uri": "https://localhost:8080/"
    },
    "id": "pjbjZ5EpKrky",
    "outputId": "01034618-059c-45e7-d064-9b0f1298fb33"
   },
   "outputs": [
    {
     "name": "stdout",
     "output_type": "stream",
     "text": [
      "Matriz A:\n",
      " [[ 0.67529329  0.97950116 -0.59142067  0.66913621  0.58533758 -0.75084625\n",
      "  -0.34013714  0.86732329  0.75784799 -0.55190318]\n",
      " [-0.54030417  0.64215879  0.48431789 -0.95423305  0.20124512  0.15178431\n",
      "  -0.11992516  0.11742875 -0.99362858  0.53334132]\n",
      " [-0.4059153   0.08401712  0.9576847   0.70736039  0.61336953 -0.3097397\n",
      "  -0.89722559 -0.73790041  0.83400644  0.29462184]\n",
      " [ 0.40674659  0.3579493   0.75945619  0.12476061 -0.1823699  -0.86959683\n",
      "  -0.71341191 -0.53668965  0.13689481 -0.31021388]\n",
      " [-0.97291316  0.59370434  0.35261475 -0.72918339  0.69389823  0.28065063\n",
      "   0.04233513 -0.11163337  0.37929884  0.23741007]\n",
      " [-0.03898439  0.16450414 -0.5858111  -0.75799032  0.98398985  0.51585844\n",
      "  -0.79249911 -0.57837258  0.82333751 -0.52502208]\n",
      " [-0.99406089 -0.54794295  0.99892108 -0.29976834  0.69393192  0.99303369\n",
      "  -0.40892039  0.84652089  0.73339438  0.18810858]\n",
      " [-0.53871478 -0.47243479 -0.48018254  0.99528038  0.09386613 -0.07519042\n",
      "   0.80537246  0.33538857 -0.34650795  0.26102328]\n",
      " [-0.7260569  -0.56821988  0.5437358  -0.59679815  0.16859167 -0.43378882\n",
      "  -0.49461807 -0.47619703 -0.1128887  -0.91151583]\n",
      " [-0.47241267  0.68690052  0.12888693 -0.03724661 -0.32364294 -0.81659911\n",
      "  -0.04735403 -0.72157619  0.72965752 -0.38998143]] \n",
      "\n",
      "Matriz inversa de A:\n",
      " [[ 9.85201629e-02 -8.38952070e-01  9.29082997e-02  7.37096712e-02\n",
      "   9.87588788e-01 -4.94702121e-01 -6.04371773e-01 -7.56618091e-01\n",
      "   1.06689797e-01 -1.05531479e+00]\n",
      " [-2.08080099e+00  1.08647249e+00 -5.34185140e+00  1.07072835e+01\n",
      "  -4.10441176e-01  4.74137685e+00  3.53745044e+00  6.73452386e+00\n",
      "  -4.32773673e+00  1.57394609e+00]\n",
      " [-1.42122441e+00 -2.45624603e-01 -3.20890647e+00  6.98819991e+00\n",
      "   9.10873847e-01  2.16986836e+00  1.99151257e+00  3.70406998e+00\n",
      "  -2.23442829e+00 -1.19655096e-02]\n",
      " [-2.05919101e+00  8.35127560e-01 -4.71787992e+00  1.00697881e+01\n",
      "  -8.65020946e-01  4.50596242e+00  3.43582092e+00  6.79887999e+00\n",
      "  -3.94167257e+00  1.31000965e+00]\n",
      " [ 3.79684477e-01 -7.28992555e-01  5.39521400e-01 -4.21223827e-01\n",
      "   1.59183085e+00 -5.15453693e-01 -8.70962655e-01 -4.25329522e-01\n",
      "   6.67607311e-01 -1.39385227e+00]\n",
      " [-3.45346871e+00  1.09889289e+00 -7.65490960e+00  1.51895110e+01\n",
      "  -8.58824187e-01  6.99170395e+00  5.32255070e+00  9.63048819e+00\n",
      "  -6.08405708e+00  1.82261397e+00]\n",
      " [-7.76168532e-01 -1.13187520e+00 -1.95995230e+00  3.62797120e+00\n",
      "   2.03732293e+00  6.52207439e-01  3.99682398e-01  1.85176536e+00\n",
      "  -1.01471667e+00 -6.49959576e-01]\n",
      " [ 1.28024210e+00  3.73145294e-02  1.95036196e+00 -4.49956354e+00\n",
      "  -3.20978762e-01 -2.03040330e+00 -9.59564278e-01 -2.74819299e+00\n",
      "   1.63494603e+00 -2.93713605e-01]\n",
      " [ 1.30379720e+00 -9.55865175e-01  3.07746974e+00 -6.33073573e+00\n",
      "   5.29384000e-01 -2.82518188e+00 -1.90115354e+00 -4.24542229e+00\n",
      "   2.16017380e+00 -4.73474653e-01]\n",
      " [ 3.02368341e+00 -6.47045357e-01  7.83699693e+00 -1.52983330e+01\n",
      "   2.78658335e-01 -6.58342075e+00 -4.95954741e+00 -9.54250700e+00\n",
      "   5.21144859e+00 -1.56582083e+00]] \n",
      "\n",
      "frobenius de A^−1 @ A − Id:\n",
      " 7.03295307250622e-13 \n",
      "\n"
     ]
    }
   ],
   "source": [
    "#Prueba\n",
    "\n",
    "print(\"Matriz A:\\n\",A, \"\\n\")\n",
    "\n",
    "print(\"Matriz inversa de A:\\n\", inversa(A), \"\\n\")\n",
    "\n",
    "#Resuelvo\n",
    "print(\"frobenius de A^−1 @ A − Id:\\n\", fro(A), \"\\n\")\n"
   ]
  },
  {
   "cell_type": "markdown",
   "metadata": {
    "id": "EoteqNbdbWCX"
   },
   "source": [
    "# Observación\n",
    "\n",
    "Notamos que cuanto más preciso es el cálculo de la fórmula, mas chico va a ser el error. Dándonos cada vez un valor más cercano al 0.\n",
    "\n",
    "Ésto se debe a que $A^{−1} @ A $ tiende a devolver la $Id$.\n",
    "\n",
    "Y como luego le restamos $Id$, en teoría debería devolver 0.\n",
    "\n",
    "Al estar muchas veces utilizando matrices grandes o valores con punto flotante, pueden surgir errores de precisión. Ésto hace que la función nos devuelva un valor que no es 0, pero sí muy cercano.\n"
   ]
  },
  {
   "cell_type": "markdown",
   "metadata": {
    "id": "zIhJqPPf_u5U"
   },
   "source": [
    "# Ejercicio 7"
   ]
  },
  {
   "cell_type": "markdown",
   "metadata": {
    "id": "9fxSHqRJ-AHm"
   },
   "source": [
    "Función experimento_ej7: Recibe como input el valor n máximo de las matrices nxn (el pedido es 200), siendo el mínimo 10x10. Devuelve los vectores v1 y v2 con la suma de los logartimos de los errores relativos de las 10 repeticiones para cada medida de matriz\n",
    "\n",
    "---------------------------------------------\n",
    "\n",
    "\n",
    "- **Input**: Entero (Int)\n",
    "\n",
    "- **Output**: vectores $v_1, v_2  \\in R^n$"
   ]
  },
  {
   "cell_type": "code",
   "execution_count": null,
   "metadata": {
    "id": "U3hHz5Oj_z7T"
   },
   "outputs": [],
   "source": [
    "def experimento_ej7(m): #m denota hasta qué tamaño de matriz se quiere hacer (en el ej es hasta 200x200)\n",
    "  #Generamos vectores v1 y v2 de ceros para ir grabando las sumas de los log de los errores de los items c y e\n",
    "  v1 = np.zeros(m+1)\n",
    "  v2 = np.zeros(m+1)\n",
    "\n",
    "  for n in range (10,m+1): # medida de la matriz, desde 10x10 hasta lo indicado en input\n",
    "    #Generamos un float para cada forma de cálculo (items b y d) donde iremos sumando los log de los errores\n",
    "    suma_er1 = 0\n",
    "    suma_er2 = 0\n",
    "\n",
    "    for i in range (1,11): # las 10 repeticiones\n",
    "\n",
    "      #ITEM 1\n",
    "\n",
    "      #ITEM a Generamos matriz y vector aleatorios y calculamos b\n",
    "      A = np.random.uniform(-1, 1, (n, n)) #Generamos la matriz aleatoria de nxn\n",
    "      x = np.random.uniform(-1, 1, n) #Generamos el vector aleatorio x de tamaño n\n",
    "      b = A@x #Definimos b\n",
    "\n",
    "      #ITEM b Calculamos solución x1 mediante función ResolverLU\n",
    "      x1 = resolverLU(A,b)\n",
    "\n",
    "      #ITEM c Calculamos error relativo usando función error_norma2\n",
    "      er1= error_norma2(A,b,x1)\n",
    "\n",
    "      #ITEM d Calculamos solución x2 mediante x2=A^(-1)*b utilizando función inversa\n",
    "      x2 = inversa(A)@b\n",
    "\n",
    "      #ITEM e Calculamos error relativo usando función error_norma2\n",
    "      er2= error_norma2(A,b,x2)\n",
    "\n",
    "      #ITEM 2 Guardamos los errores relativos calculados mediante items b y c\n",
    "      suma_er1 = suma_er1 + np.log(er1)\n",
    "      #ITEM 3 Guardamos los errores relativos calculados mediante items d y e\n",
    "      suma_er2 = suma_er2 + np.log(er2)\n",
    "\n",
    "    #Agrego información en vector vi\n",
    "    v1[n] = suma_er1\n",
    "    v2[n] = suma_er2\n",
    "\n",
    "  return v1 , v2"
   ]
  },
  {
   "cell_type": "markdown",
   "metadata": {
    "id": "gik7lXptUj36"
   },
   "source": [
    "### Graficamos"
   ]
  },
  {
   "cell_type": "code",
   "execution_count": null,
   "metadata": {
    "colab": {
     "base_uri": "https://localhost:8080/",
     "height": 472
    },
    "id": "OAhfuicL5qwb",
    "outputId": "213755c3-718e-40cc-f641-cea8a3552707"
   },
   "outputs": [
    {
     "data": {
